1111111111111111111111111111111111111111111111111111111111111111111111111111111111111111111111111111
1000000000000000000000000000000000000000000000000000000020000000002000000000000000000000000000000001
1000000111111111111111000000000000000000000000000000000000000000000000000000000000000000000000000001
1000000100000000000000000000000000000000000000000000000000000000000000000000000000000000000000000001
1000000100000000000000000000000000000000000000000000000000000000000000000000000000000000000000000001
1000000100000000000000000000000000000000000000000000000000000000000000000000000000000000000000000001
1000000100000000000000000000000000000000000000000000000000000000000000000000000000000000000000000001
1000000100000000000000000000000000000000000000000000000000000000000000000000000000000000000000000001
1000000000000000000000000000000000000000000000000000000000000000000000000000000000000000000000000001
1111111111111111111111111111111110000000000000000000000000000000000000000000000000000000000000000001
1000000000000020002000000000000000000000000000000000000000000000000000000000000000000000000000000001
1000000000000000000000000000000000000000000000000000000000000000000000000000000000000000000000000001
1000000000000000000000000000000000000000000000000000000000000000000000000000000000000000000000000001
1000000000000000000000000000000000000000000000000000000000000000000000000000000000000000000000000001
1000000000000000000000000000000000000000000000000000000000000000000000000000000000000000000000000001
1000000000000000000000000000000000000000000000000000000000000000000000000000000000000000000000000001
1000000000000000000000000000000000000000000000000000000000000000000000000000000000000000000000000001
1000000000000000000000000000000000000000000000000000000000000000000000000000000000000000000000000001
1000000000000000000000000000000000000000000000000000000000001111111111111111111111111111111111111111
1000000000000000000000100000000000000000000000000000000000000000000000000000000000000000000000000001
1000000000000000000000100000000000000000000000000000000000000000000000000000000000000000000000000001
1000000000000000000000100000000000000000000000000000000000000000000000000000000000000000000000000001
1000000000000000000000100000000000000000000000000000000000000000000000000000000000000000000000000001
1000000000000000000000100000000000000000000000000000000000000000000000000000000000000000000000000001
1000000000000000000000100000000000000000000000000000000000000000000000000000000000000000000000000001
1000000000000000000000100000000000000000000000000000000000000000000000000000000000000000000000000001
1000000000000001111111111111100000000000000000000000000000000000000000000000000000000000000000000001
1000000000000000000000000000000000000000000000000000000000000000000000000000000000000000000000000001
1000000000000000000000000000000000000000000011111111111111000000000000000000000000000000000000000001
1000000000000000000000000000000000000000000010000000000000000000000000000000000000000000000000000001
1000000000000000000000000000000000000000000010000000000000000000000000000000000000000000000000000001
1000000000000000000000000000000000000000000010000000000000000000000000000000000000000000000000000001
1000000000000000000000000000000000000000000010000000000000000000000000000000000000000000000000000001
1000000000000000000000000000000000000000000010000000000000000000000000000000000000000000000000000001
1000000000000000000000000000000000000000000010000000000000000000000000000000000000000000000000000001
1000000000000000000000000000000000000000000010000000000000000000000000000000000000000000000000000001
1000000000000000000000000000000000000000000000000000000000000000000000000000000000000000000000000001
1000000000000000000000000000000000000000000000000000000000000000000000000000000000000000000000000001
1000000000000000000000000000000000000000000000000000000000000000000000000000000000000000000000000001
1000000000000000000000000000000000000000000000000000000000000000000000000000000000000000000000000001
1000000000000000000000000000000000000000000000000000000000000000000000000000000000000000000000000001
1000000000000000000000000000000000000000000000000000000000000000000000000000000000000000000000000001
1000000000000000000000000000000000000000000000000000000000000000000000000000000000000000000000000001
1000000000000000000000000000000000111111111111111111111111111111111110000000000000000000000000000001
1000000000000000000000000000000000000000000000000000000000000000000000000000000000000000000000000001
1000000000000000000000000000000000000000000000000000000000000000000000000000000000000000000000000001
1000000000000111110000000000000000000000000000000000000000000000000000000000000000000000000000000001
1000000000000111110000000000000000000000000000000000000000000000000000000000000000000000000000000001
1000000111111111111111111110000000000000000000000000000000000000000000000000000000000000000000000001
1000000000000000000000000000000000000000000000000000001000000000000000000000000000000000000000000001
1000000000000000000000000000000000000000000000000000001000000000000000000000000000000000000000000001
1000000000000000000000000000000000000000000000000000001000000000000000000000000000000000000000000001
1000000000000000000000000000000000000000000000000000001000000000000000000000000000000000000000000001
1000000000000000000000000000000000000000000000000000001000000000000000000000000000000000000000000001
1000000000000000000000000000000000000000000000000000001000000000000000000000000000000000000000000001
1000000000000000000000000000000000000000000000000000001000000000000000000000000000000000000000000001
1000000000000000000000000000000000000000000000000000001000000000000000000000000000000000000000000001
1000000000000000000000000000000000000000000000000000001000000000000000000000000000000000000000000001
1000000000000000000000000000000000000000000000000000001000000000000000000000000000000000000000000001
1000000000000000000000000000000000000000000000000000001011111111111111111111111111111000000000000001
1000000000000000000000000000000000000000000000000000000000000000000000000000000000000000000000000001
1000000000000000000000000000000000000000000000000000000000000000000000000000000000000000000000000001
1000000000000000000010000000000000000000000000000000000000000000000000000000000000000000000000000001
1000000000000000000010000000000000000000000000000000000000000000000000000000000000000000000000000001
1000000000000000000100000000000000000000000000000000000000000000000000000000000000000000000000000001
1000000000000000001100000000000000000000000000000000000000000000000000000000000000000000000000000001
1000000000000000010000000000000000000000000000000000000000000000000000000000000000000000000000000001
1000000000000000000000000000000000000000000000000000000000000000000000000000000000000000000000000001
1000000000000000001000000000000000000000000000000000000000000000000000000000000000000000000000000001
1000000000000000000100000000000000000000000000000000000000000000000000000000000000000000000000000001
1000000000000000000010000000000000000000000000000000000000000000000000000000000000000000000000000001
1000000000000111111111111111111111111110000000000000000011111111111111111000000000000000000000000001
1000000000000000000000000000000000000000000000000000000000000000000000000000000000000000000000000001
1000000000000000000000000000000000000000000000000000000000000000000000000000000000000000000000000001
1000000000000000000000000000000000000000000000000000000000000000000000000000000000000000000000000001
1000000000000000000000000000000000000000000000000000000000000000000000000000000000000000000000000001
1000000000000000000000000000000000000000000000000000000000000000000000000000000000000000000000000001
1000000000000000000000000000000000000000000000000000000000000000000000000000000000000000000000000001
1000000000000000000000000000000000000000000000000000000000000000000000000000000000000000000000000001
1000000000000000000000000000000000000000000000000000000000000000000000000000000000000000000000000001
1000000000000000000000000000000000000000000000000000000000000000000000000000000000000000000000000001
1000000000000000000000000000000000000000000000000000000000000000000000000000000000000000000000000001
1000000000000000000000000000000000000000000000000000000000000000000000000000000000000000000000000001
1000000000000000000000000000000000000000000000000000000000000000000000000000000000000000000000000001
1000000000000000000000000000000000000000000000000000000000000000000000000000000000000000000000000001
1000000000000000000000000000000000000000000000000000011111111111111111111000000000000000000000000001
1000000000000000000000000000000000000000000000000000010000000000000000000000000000000000000000000001
1000000000000000000000000000000000000000000000000000010000000000000000000000000000000000000000000001
1000000000000000000000000000000000000000000000000000010000000000000000000000000000000000000000000001
1000000000000000000000000000000000000000000000000000010000000000000000000000000000000000000000000001
1000000000000000000000000000000000000000000000000000010000000000000000000000000000000000000000000001
1000000000000000000000000000000000000000000000000000010000000000000000000000000000000000000000000001
1000000000000000000000000000000000000000000000000000010000000000000000000000000000000000000000000001
1000000000000001111111111111111111111111111111111111111111111111111000000000000000000000000000000001
1000000000000000000000000000000011000000000000000000000000000000000000000000000000000000000000000001
1000000000000000000000000000000010000000000000000000000000000000000000000000000000000000000000000001
1000000000000000000000000000000010000000000000000000000000000000000000000000000000000000000000000001
1000000000000000000000000000000010000000000000000000000000000000000000000000000000000000000000000001
1000000000000000000000000000000010000000000000000000000000000000000000000000000000000000000000000001
1111111111111111111111111111111111111111111111111111111111111111111111111111111111111111111111111111